5546 5409 -864 5581 5201 -808
5545 6032 -864 5858 5288 -808
5314 5522 -864 5930 5262 -808
4892 5168 -864 5901 4992 -800
6057 4981 -476 6399 5069 -513
5269 5469 -864 6058 4976 -412
5016 5257 -872 4965 4699 -665
6164 3838 -630 5767 4298 -463
6145 3967 -736 5890 4912 -544
5713 4159 -758 5852 3884 -672
4937 4994 -863 6507 5043 -544
5764 4413 -506 5772 4219 -463
6386 4574 -608 5686 4020 -704
6411 6200 -864 6664 5575 -808
5749 3967 -745 6076 3811 -544
6821 4995 -864 6829 4963 -800
6324 3767 -608 6336 3904 -543
6267 3785 -608 6420 4209 -544
6352 4776 -736 6304 4452 -792
6437 4837 -448 6770 4892 -800
6070 4953 -471 6394 5215 -808
7167 4684 -858 6437 4844 -386
4975 4473 -608 6336 4904 -543
5036 4556 -863 5091 4832 -768
5036 4629 -845 6017 4896 -672
6617 5008 -608 6662 4611 -795
6766 5000 -608 6478 4375 -796
5495 4888 -608 5441 4309 -768
4936 4851 -758 4897 4574 -551
4897 4400 -867 4835 4817 -801
4822 4963 -865 4987 5061 -806
4988 4349 -736 4836 4676 -797
4853 4307 -866 4865 4791 -802
4893 4302 -867 4880 4419 -803
6908 5306 -864 6074 4992 -800
7060 5216 -855 6761 5147 -808
5578 4587 -399 4996 4649 -347
5776 4304 -506 5767 4413 -442
6776 5382 -872 4820 5157 -800
5355 6334 -872 5168 6608 -799
5190 4858 -832 5371 4722 -768
5276 4894 -611 5202 4931 -768
6402 4680 -608 5655 3736 -544
6298 3880 -608 6397 3959 -544
4953 4240 -864 4808 4438 -800
6420 4936 -608 6404 4462 -544
6361 4120 -608 6420 4936 -561
5769 4435 -377 5762 4418 -440
6152 4383 -859 6383 4899 -544
5029 4480 -608 5440 4904 -543
4946 4485 -608 4942 4812 -665
5710 3764 -588 5396 3761 -544
6336 3708 -608 5691 3761 -561
4979 4477 -608 5062 4477 -561
5264 3776 -736 5061 4348 -793
5759 4137 -506 5758 4413 -459
6768 4993 -608 7088 4951 -798
4918 4460 -608 6393 4930 -544
6666 4174 -608 6452 4036 -544
6612 4174 -608 6420 3975 -544
